3
5
4
5
2
9
12
13
5
3
9
5
6
14
13
14
14
15
15
10
4
11
15
15
15
3
15
4
15
6
14
15
9
14
14
14
14
7
7
7
9
13
8
7
7
9
8
7
8
9
7
11
10
11
10
10
7
7
7
15
15
12
14
7
15
14
14
15
11
10
10
11
10
6
10
11
11
11
14
11
3
3
14
15
14
14
14
9
13
3
13
6
3
3
13
6
13
8
2
12
0
3
13
12
6
5
6
6
12
7
13
12
13
6
13
11
10
3
7
11
10
6
13
13
13
6
13
13
12
7
8
7
6
8
6
12
5
10
11
5
5
5
8
9
6
9
12
6
5
8
11
5
12
4
13
10
4
11
11
10
9
13
4
12
12
12
12
7
6
13
4
7
6
4
4
14
12
12
1
4
15
12
12
6
9
9
7
4
3
4
3
15
11
15
5
11
5
5
15
4
5
7
4
4
5
9
5
8
9
4
9
8
10
7
11
8
8
8
5
4
9
9
9
5
9
11
15
14
4
11
10
15
14
14
15
10
8
10
5
8
8
13
8
10
9
6
8
3
12
6
8
12
8
10
4
10
4
