2
3
3
4
0
9
9
10
4
2
6
3
5
10
6
8
10
10
8
10
3
11
11
8
7
2
11
3
10
3
10
11
9
9
6
6
8
5
5
3
8
6
6
3
3
6
6
3
7
7
5
8
8
7
11
10
5
4
3
10
9
7
7
3
7
6
8
8
10
9
9
10
11
3
11
11
11
11
11
7
2
2
7
11
7
7
8
11
11
2
6
3
1
2
11
3
11
11
2
11
2
2
11
11
4
4
5
3
11
5
10
10
10
4
10
10
11
2
4
11
10
3
10
10
8
4
6
7
7
4
10
4
5
10
5
8
5
8
11
5
3
5
7
7
3
10
11
5
5
7
8
4
7
5
9
6
5
7
8
8
8
8
5
9
8
8
6
5
5
9
4
4
5
5
5
9
6
6
1
3
6
6
6
3
7
7
4
4
2
5
2
8
10
10
4
11
5
4
8
5
5
4
3
4
4
6
3
10
6
4
9
7
6
4
10
9
9
9
4
4
9
9
9
4
6
7
7
6
4
6
6
9
9
9
9
9
7
8
4
8
8
9
9
9
8
3
8
0
10
3
9
7
7
6
3
6
3
